# M_h=4 control at M_g=3 (two Sigma pairs; same 14 matching rows as M_h=2).
# Second pair frozen at seed (flat direction) - see paper-story 2.4(d) test 6.
# Columns: U | v1 | e1 | W1 | eta1 | W2 | eta2 | 2(W1^2+W2^2) | law | resnorm
U | v1 | e1 | W1 | eta1 | W2 | eta2 | 2(W1^2+W2^2) | law | |F|
 4.000 |   2.762 |   28.69 | 1.3782 | 0.00000 | 0.3000 | 2.0000 | 3.97874 | +3.75000 | 6.575e-07
 3.950 |   2.790 |   28.62 | 1.3601 | 0.00000 | 0.3000 | 2.0000 | 3.87984 | +3.65063 | 8.026e-07
 3.900 |   2.598 |   26.17 | 1.3417 | 0.00000 | 0.3000 | 2.0000 | 3.78037 | +3.55250 | 7.993e-07
 3.850 |   2.713 |   27.04 | 1.3236 | 0.00000 | 0.3000 | 2.0000 | 3.68403 | +3.45563 | 7.633e-07
 3.800 |   2.868 |   28.32 | 1.3057 | 0.00000 | 0.3000 | 2.0000 | 3.58991 | +3.36000 | 1.197e-06
 3.750 |   2.902 |   28.28 | 1.2875 | 0.00000 | 0.3000 | 2.0000 | 3.49542 | +3.26562 | 1.464e-06
 3.700 |   2.958 |   28.46 | 1.2693 | 0.00000 | 0.3000 | 2.0000 | 3.40223 | +3.17250 | 8.057e-07
 3.650 |   3.125 |   29.74 | 1.2512 | 0.00000 | 0.3000 | 2.0000 | 3.31106 | +3.08062 | 9.079e-07
 3.600 |   2.903 |   27.11 | 1.2327 | 0.00000 | 0.3000 | 2.0000 | 3.21920 | +2.99000 | 8.661e-07
 3.550 |   3.070 |   28.34 | 1.2145 | 0.00000 | 0.3000 | 2.0000 | 3.13015 | +2.90062 | 1.012e-06
 3.500 |   3.114 |   28.35 | 1.1965 | 0.00000 | 0.3000 | 2.0000 | 3.04332 | +2.81250 | 1.473e-06
 3.450 |   3.177 |   28.52 | 1.1781 | 0.00000 | 0.3000 | 2.0000 | 2.95582 | +2.72563 | 8.501e-07
 3.400 |   3.215 |   28.44 | 1.1598 | 0.00000 | 0.3000 | 2.0000 | 2.87030 | +2.64000 | 8.791e-07
 3.350 |   3.415 |   29.85 | 1.1416 | 0.00000 | 0.3000 | 2.0000 | 2.78657 | +2.55563 | 8.241e-07
 3.300 |   3.567 |   30.76 | 1.1234 | 0.00000 | 0.3000 | 2.0000 | 2.70398 | +2.47250 | 8.228e-07
 3.250 |   3.590 |   30.47 | 1.1050 | 0.00000 | 0.3000 | 2.0000 | 2.62215 | +2.39062 | 9.973e-07
 3.200 |   3.642 |   30.43 | 1.0866 | 0.00000 | 0.3000 | 2.0000 | 2.54119 | +2.31000 | 1.143e-06
 3.150 |   3.713 |   30.53 | 1.0682 | 0.00000 | 0.3000 | 2.0000 | 2.46223 | +2.23062 | 8.858e-07
 3.100 |   3.751 |   30.34 | 1.0498 | 0.00000 | 0.3000 | 2.0000 | 2.38412 | +2.15250 | 1.241e-06
 3.050 |   3.932 |   31.33 | 1.0314 | 0.00000 | 0.3000 | 2.0000 | 2.30768 | +2.07562 | 8.966e-07
 3.000 |   3.974 |   31.12 | 1.0129 | 0.00000 | 0.3000 | 2.0000 | 2.23175 | +2.00000 | 1.143e-06
 2.950 |   4.092 |   31.52 | 0.9945 | 0.00000 | 0.3000 | 2.0000 | 2.15788 | +1.92563 | 9.501e-07
 2.900 |   4.189 |   31.71 | 0.9759 | 0.00000 | 0.3000 | 2.0000 | 2.08491 | +1.85250 | 1.012e-06
 2.850 |   4.394 |   32.72 | 0.9574 | 0.00000 | 0.3000 | 2.0000 | 2.01341 | +1.78063 | 9.524e-07
 2.800 |   4.491 |   32.84 | 0.9390 | 0.00000 | 0.3000 | 2.0000 | 1.94330 | +1.71000 | 1.225e-06
 2.750 |   4.820 |   34.66 | 0.9204 | 0.00000 | 0.3000 | 2.0000 | 1.87420 | +1.64062 | 1.306e-06
 2.700 |   5.795 |   41.12 | 0.9020 | 0.00000 | 0.3000 | 2.0000 | 1.80717 | +1.57250 | 1.727e-06
 2.650 |   5.959 |   41.46 | 0.8833 | 0.00000 | 0.3000 | 2.0000 | 1.74028 | +1.50562 | 6.759e-07
 2.600 |   6.259 |   42.71 | 0.8646 | 0.00000 | 0.3000 | 2.0000 | 1.67492 | +1.44000 | 6.724e-07
 2.550 |   6.234 |   41.64 | 0.8457 | 0.00000 | 0.3000 | 2.0000 | 1.61047 | +1.37562 | 7.727e-07
 2.500 |   6.697 |   43.85 | 0.8270 | 0.00000 | 0.3000 | 2.0000 | 1.54779 | +1.31250 | 8.225e-07
 2.450 |   6.851 |   43.89 | 0.8079 | 0.00000 | 0.3000 | 2.0000 | 1.48552 | +1.25063 | 1.089e-06
 2.400 |   7.102 |   44.51 | 0.7892 | 0.00000 | 0.3000 | 2.0000 | 1.42554 | +1.19000 | 1.106e-06
 2.350 |   7.172 |   43.90 | 0.7699 | 0.00000 | 0.3000 | 2.0000 | 1.36543 | +1.13063 | 8.553e-07
 2.300 |   7.221 |   43.15 | 0.7508 | 0.00000 | 0.3000 | 2.0000 | 1.30733 | +1.07250 | 1.564e-06
 2.250 |   7.728 |   45.13 | 0.7317 | 0.00000 | 0.3000 | 2.0000 | 1.25083 | +1.01562 | 9.491e-07
 2.200 |   7.892 |   44.93 | 0.7123 | 0.00000 | 0.3000 | 2.0000 | 1.19466 | +0.96000 | 1.223e-06
 2.150 |   7.551 |   41.82 | 0.6929 | 0.00000 | 0.3000 | 2.0000 | 1.14020 | +0.90562 | 1.003e-06
 2.100 |   7.767 |   41.89 | 0.6734 | 0.00000 | 0.3000 | 2.0000 | 1.08699 | +0.85250 | 1.147e-06
 2.050 |   8.035 |   42.17 | 0.6539 | 0.00000 | 0.3000 | 2.0000 | 1.03528 | +0.80062 | 1.215e-06
 2.000 |   8.418 |   42.96 | 0.6343 | 0.00000 | 0.3000 | 2.0000 | 0.98460 | +0.75000 | 1.613e-06
 1.950 |   8.523 |   42.22 | 0.6146 | 0.00000 | 0.3000 | 2.0000 | 0.93543 | +0.70062 | 2.441e-06
 1.900 |   9.149 |   43.97 | 0.5945 | 0.00000 | 0.3000 | 2.0000 | 0.88681 | +0.65250 | 1.235e-06
 1.850 |   9.383 |   43.67 | 0.5743 | 0.00000 | 0.3000 | 2.0000 | 0.83966 | +0.60563 | 1.328e-06
 1.800 |   9.385 |   42.22 | 0.5539 | 0.00000 | 0.3000 | 2.0000 | 0.79354 | +0.56000 | 1.424e-06
 1.750 |   9.822 |   42.69 | 0.5334 | 0.00000 | 0.3000 | 2.0000 | 0.74908 | +0.51562 | 1.543e-06
 1.700 |  10.209 |   42.79 | 0.5127 | 0.00000 | 0.3000 | 2.0000 | 0.70579 | +0.47250 | 2.122e-06
 1.650 |  11.350 |   45.82 | 0.4916 | 0.00000 | 0.3000 | 2.0000 | 0.66338 | +0.43062 | 1.426e-06
 1.600 |  11.520 |   44.64 | 0.4702 | 0.00000 | 0.3000 | 2.0000 | 0.62211 | +0.39000 | 1.580e-06
 1.550 |  11.860 |   44.01 | 0.4484 | 0.00000 | 0.3000 | 2.0000 | 0.58208 | +0.35063 | 1.716e-06
 1.500 |  12.288 |   43.55 | 0.4261 | 0.00000 | 0.3000 | 2.0000 | 0.54320 | +0.31250 | 1.893e-06
 1.450 |  13.434 |   45.35 | 0.4034 | 0.00000 | 0.3000 | 2.0000 | 0.50548 | +0.27563 | 1.883e-06
 1.400 |  14.250 |   45.60 | 0.3799 | 0.00000 | 0.3000 | 2.0000 | 0.46867 | +0.24000 | 2.006e-06
 1.350 |  14.726 |   44.41 | 0.3554 | 0.00000 | 0.3000 | 2.0000 | 0.43257 | +0.20563 | 2.231e-06
 1.300 |  15.445 |   43.61 | 0.3296 | 0.00000 | 0.3000 | 2.0000 | 0.39730 | +0.17250 | 2.506e-06
 1.275 |  15.785 |   42.98 | 0.3162 | 0.00000 | 0.3000 | 2.0000 | 0.37993 | +0.15641 | 2.717e-06
 1.250 |  15.923 |   41.67 | 0.3020 | 0.00000 | 0.3000 | 2.0000 | 0.36241 | +0.14062 | 2.973e-06
 1.225 |  16.427 |   41.17 | 0.2872 | 0.00000 | 0.3000 | 2.0000 | 0.34495 | +0.12516 | 3.187e-06
 1.200 |  16.806 |   40.14 | 0.2714 | 0.00000 | 0.3000 | 2.0000 | 0.32729 | +0.11000 | 3.518e-06
 1.175 |  17.015 |   38.44 | 0.2541 | 0.00000 | 0.3000 | 2.0000 | 0.30910 | +0.09516 | 4.032e-06
 1.150 |  17.395 |   36.76 | 0.2345 | 0.00000 | 0.3000 | 2.0000 | 0.29000 | +0.08062 | 4.887e-06
 1.125 |  17.629 |   33.85 | 0.2087 | 0.00000 | 0.3000 | 2.0000 | 0.26712 | +0.06641 | 5.830e-06
 1.100 |  19.100 |   31.35 | 0.1714 | 0.00000 | 0.3000 | 2.0000 | 0.23876 | +0.05250 | 3.699e-05
 1.075 |  19.253 |   31.42 | 0.1702 | 0.00000 | 0.3000 | 2.0000 | 0.23793 | +0.03891 | 1.378e-04
 1.050 |  24.000 |   39.35 | 0.1709 | 0.00000 | 0.3000 | 2.0000 | 0.23838 | +0.02563 | 1.890e-04
 1.025 |  24.000 |   39.35 | 0.1709 | 0.00000 | 0.3000 | 2.0000 | 0.23838 | +0.01266 | 2.706e-04
 1.000 |  24.000 |   39.35 | 0.1709 | 0.00000 | 0.3000 | 2.0000 | 0.23838 | +0.00000 | 3.521e-04
 0.975 |  24.000 |   39.35 | 0.1708 | 0.00000 | 0.3000 | 2.0000 | 0.23838 | -0.01234 | 4.336e-04
 0.950 |  24.000 |   39.35 | 0.1708 | 0.00000 | 0.3000 | 2.0000 | 0.23838 | -0.02438 | 5.152e-04
 0.925 |  24.000 |   39.35 | 0.1708 | 0.00000 | 0.3000 | 2.0000 | 0.23838 | -0.03609 | 5.967e-04
 0.900 |  24.000 |   39.53 | 0.1718 | 0.00000 | 0.3000 | 2.0000 | 0.23904 | -0.04750 | 6.780e-04
 0.875 |  24.000 |   39.53 | 0.1718 | 0.00000 | 0.3000 | 2.0000 | 0.23904 | -0.05859 | 7.595e-04
 0.850 |  24.000 |   40.63 | 0.1779 | 0.00000 | 0.3000 | 2.0000 | 0.24331 | -0.06938 | 8.403e-04
DONE
